18.9675 19.01065160473487
12.9545 12.712206409388555
11.721 11.708490157803809
11.496 11.326427697704963
12.0055 12.064147194701285
8.5205 8.080291261032826
16.9065 17.636741203642945
11.011 10.899413039629154
6.702 6.73466569833248
12.587 12.445278836611774
10.2715 9.615164843445045
9.9135 9.98311372092702
13.0035 13.098074930240294
10.5805 10.58491932836563
10.917 11.20557874785336
5.6345 5.919533512014729
11.611 11.466444438382577
9.6485 9.580803000755862
11.837 11.816480062537595
16.7385 17.138444342033026
7.699 7.657481611528151
12.4705 12.352828794763202
11.9455 11.937588873944616
11.797 11.59901028219691
9.474 9.4686274486364
10.0605 10.125888131779403
6.3105 5.952599300771371
9.304 9.067331172297875
5.4865 5.312207284597925
11.2925 11.209945906072546
12.3315 12.269462825216483
11.085 11.17609970940968
10.4465 10.292592861614201
12.0315 12.295194771343489
11.8415 11.743726382492932
13.428 13.668718796692769
11.515 11.494810503126866
5.744 5.674715114700977
13.2425 13.198685062156892
10.982 11.112734133570902
5.842 5.668453829482864
13.375 13.507842162201992
10.8215 10.827645606708133
11.856 11.829579472981163
7.902 7.590852920536898
11.757 11.75479973369458
11.8675 11.607065736180218
12.1595 12.08048510771775
6.7575 7.203014915776364
14.9645 15.038416418230035
4.903 5.1439528581787215
10.5985 10.554749701041162
16.2 16.195640063017947
13.101 13.134652584631882
6.936 7.117303413889327
5.3755 5.201696481988423
5.2675 5.459534803409754
7.564 7.431222324457949
4.091 4.070824517122856
10.845 10.98004433521212
6.16 6.241644976526002
11.7855 11.81871895698592
8.5035 7.992996685555819
9.5645 9.273985088362412
11.961 11.751610410967972
10.6425 10.700595933332599
10.204 10.300527397227986
5.797 6.2299265061514575
10.9165 11.198297940141208
5.4945 5.398817497767559
12.944 12.618692529537345
9.9025 9.725642716005108
5.7745 6.005937539108295
12.1275 12.093526110129021
10.721 10.803652079995718
10.7405 10.983649725809924
11.121 11.037863646542549
7.2425 6.925122251154662
13.8685 13.553966784648797
12.6795 12.853192340058982
7.7455 7.895289217013241
13.7715 13.218486103780634
10.975 11.11120852340826
7.202 7.014425167870635
10.002 9.798505252168512
7.0925 7.285758853707799
6.2425 6.6056471132852606
11.0805 11.154009854737696
10.8755 11.005801780562159
9.7095 9.891273977762369
7.0 7.000000425416421
12.4145 12.266063236687113
17.4535 17.25630525109079
7.5765 7.940404463249177
7.78 7.633429863271573
8.137 8.298723266161955
10.303 10.251373802767626
12.303 12.14579320160505
7.073 7.1130051994062615
9.1375 8.976105144999684
